Sample	Total	Assigned	Unassigned_Unmapped	Unassigned_Read_Type	Unassigned_Singleton	Unassigned_MappingQuality	Unassigned_Chimera	Unassigned_FragmentLength	Unassigned_Duplicate	Unassigned_MultiMapping	Unassigned_Secondary	Unassigned_NonSplit	Unassigned_NoFeatures	Unassigned_Overlapping_Length	Unassigned_Ambiguity	percent_assigned
L10aP1-sex_merged_vs.10707_ribofiltered+trimmed	13972960	10269077	0	0	33241	0	0	0	0	193814	0	0	3473268	0	3560	73.49249550560512
L10aP1-sex_merged_vs.10708_ribofiltered+trimmed	13889947	10259725	0	0	36647	0	0	0	0	17377	0	0	3572021	0	4177	73.86439271510538
L10aP1_merged_vs.10707_ribofiltered+trimmed	16216153	12917444	0	0	45185	0	0	0	0	223619	0	0	3027201	0	2704	79.65788186630948
L10aP1_merged_vs.10708_ribofiltered+trimmed	16044606	12944763	0	0	48718	0	0	0	0	19631	0	0	3028646	0	2848	80.67984343149342
L10aP2-sex_merged_vs.10707_ribofiltered+trimmed	17142133	12425659	0	0	32491	0	0	0	0	244036	0	0	4435481	0	4466	72.48607276585707
L10aP2-sex_merged_vs.10708_ribofiltered+trimmed	17059648	12452424	0	0	35667	0	0	0	0	23092	0	0	4543361	0	5104	72.99344042737576
L10aP2_merged_vs.10707_ribofiltered+trimmed	7993160	6458616	0	0	13709	0	0	0	0	104332	0	0	1415134	0	1369	80.80178552662527
L10aP2_merged_vs.10708_ribofiltered+trimmed	7907430	6464453	0	0	14729	0	0	0	0	9798	0	0	1416804	0	1646	81.7516310609136
L10aP3-sex_merged_vs.10707_ribofiltered+trimmed	16917457	12478825	0	0	33166	0	0	0	0	232668	0	0	4168137	0	4661	73.76300705241928
L10aP3-sex_merged_vs.10708_ribofiltered+trimmed	16850328	12507433	0	0	37014	0	0	0	0	20726	0	0	4279951	0	5204	74.2266441341676
L10aP3_merged_vs.10707_ribofiltered+trimmed	12792296	10262904	0	0	23511	0	0	0	0	177823	0	0	2325723	0	2335	80.22722426060184
L10aP3_merged_vs.10708_ribofiltered+trimmed	12657689	10289250	0	0	25214	0	0	0	0	15563	0	0	2325075	0	2587	81.28853537166223
L10aaP1-sex_merged_vs.10707_ribofiltered+trimmed	11807916	8849892	0	0	82515	0	0	0	0	15431	0	0	2857246	0	2832	74.94880553012064
L10aaP1-sex_merged_vs.10708_ribofiltered+trimmed	11883448	8803501	0	0	73846	0	0	0	0	161871	0	0	2840744	0	3486	74.0820425182994
L10aaP1_merged_vs.10707_ribofiltered+trimmed	13274450	10820250	0	0	29717	0	0	0	0	18089	0	0	2404462	0	1932	81.51185171513697
L10aaP1_merged_vs.10708_ribofiltered+trimmed	13414551	10874952	0	0	27129	0	0	0	0	137244	0	0	2372748	0	2478	81.0683264762272
L10aaP2-sex_merged_vs.10707_ribofiltered+trimmed	13573594	10130254	0	0	26539	0	0	0	0	18467	0	0	3395315	0	3019	74.63206870634262
L10aaP2-sex_merged_vs.10708_ribofiltered+trimmed	13666279	10104458	0	0	23871	0	0	0	0	194063	0	0	3340378	0	3509	73.93715582712748
L10aaP2_merged_vs.10707_ribofiltered+trimmed	9920665	8132046	0	0	121668	0	0	0	0	14624	0	0	1650294	0	2033	81.97077514460976
L10aaP2_merged_vs.10708_ribofiltered+trimmed	10005873	8162691	0	0	111239	0	0	0	0	96992	0	0	1632252	0	2699	81.57899865409046
L10aaP3-sex_merged_vs.10707_ribofiltered+trimmed	14657520	11009187	0	0	36628	0	0	0	0	19804	0	0	3588571	0	3330	75.10947963912041
L10aaP3-sex_merged_vs.10708_ribofiltered+trimmed	14770933	10972383	0	0	32905	0	0	0	0	207171	0	0	3554469	0	4005	74.2836149889787
L10aaP3_merged_vs.10707_ribofiltered+trimmed	13326219	10864869	0	0	93471	0	0	0	0	18267	0	0	2347436	0	2176	81.53001988035766
L10aaP3_merged_vs.10708_ribofiltered+trimmed	13436229	10912158	0	0	84924	0	0	0	0	132702	0	0	2303526	0	2919	81.2144389620034
L1aP1-sex_154_vs.9033_ribofiltered+trimmed	13632447	9543679	0	0	19537	0	0	0	0	273453	0	0	3793036	0	2742	70.00708676879506
L1aP1-sex_154_vs.9034_ribofiltered+trimmed	13653869	9499734	0	0	22563	0	0	0	0	246376	0	0	3880886	0	4310	69.57540020341487
L1aP1_merged2017_vs.9033_ribofiltered+trimmed	9617820	7303148	0	0	526880	0	0	0	0	100679	0	0	1682882	0	4231	75.93350676140747
L1aP1_merged2017_vs.9034_ribofiltered+trimmed	11195046	7209286	0	0	618970	0	0	0	0	1689597	0	0	1673565	0	3628	64.39710922134665
L1aP2-sex_154_vs.9033_ribofiltered+trimmed	8043452	5667804	0	0	160070	0	0	0	0	195539	0	0	2017978	0	2061	70.46482032838637
L1aP2-sex_154_vs.9034_ribofiltered+trimmed	8029874	5655380	0	0	167548	0	0	0	0	131652	0	0	2072421	0	2873	70.4292495747754
L1aP2_154_vs.9033_ribofiltered+trimmed	9466417	7529900	0	0	20774	0	0	0	0	106107	0	0	1807701	0	1935	79.54329499746314
L1aP2_154_vs.9034_ribofiltered+trimmed	9858938	7445490	0	0	27032	0	0	0	0	556525	0	0	1826846	0	3045	75.52020308881139
L1aP3-sex_154_vs.9033_ribofiltered+trimmed	11384499	8089092	0	0	16936	0	0	0	0	279064	0	0	2997117	0	2290	71.05356151377413
L1aP3-sex_154_vs.9034_ribofiltered+trimmed	11374362	8065786	0	0	19083	0	0	0	0	218358	0	0	3067481	0	3654	70.91198609645095
L1aP3_154_vs.9033_ribofiltered+trimmed	9985322	7983322	0	0	26468	0	0	0	0	126791	0	0	1846632	0	2109	79.95057144877251
L1aP3_154_vs.9034_ribofiltered+trimmed	10350617	7899507	0	0	34155	0	0	0	0	541220	0	0	1872452	0	3283	76.31918947440525
L1aaP1-sex_154_vs.9033_ribofiltered+trimmed	11438592	8360170	0	0	23034	0	0	0	0	292593	0	0	2760140	0	2655	73.08740446376618
L1aaP1-sex_154_vs.9034_ribofiltered+trimmed	11684190	8351845	0	0	26029	0	0	0	0	475384	0	0	2826788	0	4144	71.4798800772668
L1aaP1_merged2017_vs.9033_ribofiltered+trimmed	7986448	6289975	0	0	26808	0	0	0	0	76124	0	0	1592106	0	1435	78.75810372771474
L1aaP1_merged2017_vs.9034_ribofiltered+trimmed	11677635	6233646	0	0	81809	0	0	0	0	3865028	0	0	1494601	0	2551	53.381065601039936
L1aaP2-sex_merged2017_vs.9033_ribofiltered+trimmed	18470284	12871851	0	0	656363	0	0	0	0	357571	0	0	4579339	0	5160	69.68951316612132
L1aaP2-sex_merged2017_vs.9034_ribofiltered+trimmed	18767186	12828557	0	0	640876	0	0	0	0	618007	0	0	4672347	0	7399	68.35631617867485
L1aaP2_merged2017_vs.9033_ribofiltered+trimmed	9919285	7938499	0	0	54997	0	0	0	0	85504	0	0	1838341	0	1944	80.03095989277453
L1aaP2_merged2017_vs.9034_ribofiltered+trimmed	13277823	7865630	0	0	159556	0	0	0	0	3472935	0	0	1776659	0	3043	59.238852634200654
L1aaP3-sex_154_vs.9033_ribofiltered+trimmed	12685788	9364097	0	0	16007	0	0	0	0	249064	0	0	3053664	0	2956	73.81565102617196
L1aaP3-sex_154_vs.9034_ribofiltered+trimmed	12778854	9336252	0	0	17177	0	0	0	0	315293	0	0	3105454	0	4678	73.06016642806938
L1aaP3_merged2017_vs.9033_ribofiltered+trimmed	8371908	6652385	0	0	23967	0	0	0	0	66866	0	0	1627280	0	1410	79.46079913921653
L1aaP3_merged2017_vs.9034_ribofiltered+trimmed	12118155	6589112	0	0	71341	0	0	0	0	3930192	0	0	1524984	0	2526	54.373887774170235
L6aP1-sex_merged_vs.2508_ribofiltered+trimmed	19332125	16383817	0	0	43848	0	0	0	0	185239	0	0	2710096	0	9125	84.74917785809889
L6aP1-sex_merged_vs.2509_ribofiltered+trimmed	19352984	16520490	0	0	46398	0	0	0	0	84749	0	0	2690862	0	10485	85.36404515190009
L6aP1_merged_vs.2508_ribofiltered+trimmed	7153585	6138234	0	0	94453	0	0	0	0	84027	0	0	833961	0	2910	85.80640336278942
L6aP1_merged_vs.2509_ribofiltered+trimmed	10371991	6247598	0	0	161073	0	0	0	0	2405030	0	0	1555501	0	2789	60.235281731347435
L6aP2-sex_merged_vs.2508_ribofiltered+trimmed	16805010	14231692	0	0	17477	0	0	0	0	154880	0	0	2393362	0	7599	84.68719744885603
L6aP2-sex_merged_vs.2509_ribofiltered+trimmed	16833772	14351551	0	0	18659	0	0	0	0	81659	0	0	2373351	0	8552	85.25451693179639
L6aP2_merged2017_vs.2508_ribofiltered+trimmed	6368192	5412547	0	0	93491	0	0	0	0	71665	0	0	787918	0	2571	84.99346439303338
L6aP2_merged2017_vs.2509_ribofiltered+trimmed	10730272	5562696	0	0	199344	0	0	0	0	3194996	0	0	1770824	0	2412	51.84114624494141
L6aP3-sex_merged_vs.2508_ribofiltered+trimmed	16213938	13817095	0	0	31375	0	0	0	0	153954	0	0	2203976	0	7538	85.21739135797854
L6aP3-sex_merged_vs.2509_ribofiltered+trimmed	16254347	13937717	0	0	33329	0	0	0	0	68764	0	0	2205732	0	8805	85.74762800375801
L6aP3_merged_vs.2508_ribofiltered+trimmed	18709421	16479915	0	0	173168	0	0	0	0	178753	0	0	1872008	0	5577	88.0835115100569
L6aP3_merged_vs.2509_ribofiltered+trimmed	18977813	16527320	0	0	188687	0	0	0	0	289665	0	0	1965434	0	6707	87.08759012432043
L6aaP1-sex_merged_vs.2508_ribofiltered+trimmed	20459250	17540611	0	0	52460	0	0	0	0	101442	0	0	2755705	0	9032	85.73437931497978
L6aaP1-sex_merged_vs.2509_ribofiltered+trimmed	20568121	17576644	0	0	49798	0	0	0	0	297664	0	0	2634534	0	9481	85.45575942498587
L6aaP1_merged_vs.2508_ribofiltered+trimmed	8722103	7643982	0	0	114479	0	0	0	0	58014	0	0	902172	0	3456	87.63920811299752
L6aaP1_merged_vs.2509_ribofiltered+trimmed	10568571	7681972	0	0	144095	0	0	0	0	1439942	0	0	1299215	0	3347	72.68695077130106
L6aaP2-sex_merged_vs.2508_ribofiltered+trimmed	17942069	15396502	0	0	213532	0	0	0	0	71509	0	0	2252255	0	8271	85.81229957370023
L6aaP2-sex_merged_vs.2509_ribofiltered+trimmed	18028288	15420773	0	0	201875	0	0	0	0	247208	0	0	2149672	0	8760	85.53653569323943
L6aaP2_merged_vs.2508_ribofiltered+trimmed	9516351	8466996	0	0	20136	0	0	0	0	53544	0	0	972681	0	2994	88.97313686727192
L6aaP2_merged_vs.2509_ribofiltered+trimmed	12238039	8534155	0	0	45167	0	0	0	0	2087333	0	0	1568122	0	3262	69.734660920757
L6aaP3-sex_merged_vs.2508_ribofiltered+trimmed	17806199	15146151	0	0	409871	0	0	0	0	72636	0	0	2169069	0	8472	85.06111270574928
L6aaP3-sex_merged_vs.2509_ribofiltered+trimmed	17900668	15169342	0	0	386658	0	0	0	0	254500	0	0	2080979	0	9189	84.7417649441909
L6aaP3_merged_vs.2508_ribofiltered+trimmed	9842758	8638675	0	0	18087	0	0	0	0	78709	0	0	1103971	0	3316	87.76681291971214
L6aaP3_merged_vs.2509_ribofiltered+trimmed	13087180	8709669	0	0	39869	0	0	0	0	2572762	0	0	1761405	0	3475	66.55115158498623
Sito-aP1-sex_163_vs.5940_ribofiltered+trimmed	11662923	8412164	0	0	23054	0	0	0	0	642219	0	0	2584042	0	1444	72.12740751182186
Sito-aP1-sex_163_vs.5941_ribofiltered+trimmed	11119846	8406110	0	0	18789	0	0	0	0	73878	0	0	2619463	0	1606	75.59556130543534
Sito-aP1_163_vs.5940_ribofiltered+trimmed	12265045	8023943	0	0	32860	0	0	0	0	2636955	0	0	1570562	0	725	65.42122756174152
Sito-aP1_163_vs.5941_ribofiltered+trimmed	9960133	8020371	0	0	14696	0	0	0	0	196357	0	0	1727736	0	973	80.52473797287647
Sito-aP2-sex_163_vs.5940_ribofiltered+trimmed	11240462	8168857	0	0	18797	0	0	0	0	714178	0	0	2337267	0	1363	72.6736765801975
Sito-aP2-sex_163_vs.5941_ribofiltered+trimmed	10625630	8161845	0	0	14818	0	0	0	0	72251	0	0	2375238	0	1478	76.81281015808004
Sito-aP2_163_vs.5940_ribofiltered+trimmed	11376459	7519386	0	0	30990	0	0	0	0	2516307	0	0	1309123	0	653	66.09601458590937
Sito-aP2_163_vs.5941_ribofiltered+trimmed	9175120	7515699	0	0	12500	0	0	0	0	184490	0	0	1461590	0	841	81.91390412332483
Sito-aP3-sex_163_vs.5940_ribofiltered+trimmed	16967816	11933999	0	0	31687	0	0	0	0	1314610	0	0	3685548	0	1972	70.33314717698495
Sito-aP3-sex_163_vs.5941_ribofiltered+trimmed	15860802	11922742	0	0	23882	0	0	0	0	150777	0	0	3761144	0	2257	75.1711168199439
Sito-aP3_163_vs.5940_ribofiltered+trimmed	12143577	7972789	0	0	41092	0	0	0	0	2728489	0	0	1400478	0	729	65.65437020739441
Sito-aP3_163_vs.5941_ribofiltered+trimmed	9792685	7971764	0	0	16338	0	0	0	0	226496	0	0	1577123	0	964	81.40529384943966
Sito-aaP1-sex_163_vs.5940_ribofiltered+trimmed	16171933	11644806	0	0	41392	0	0	0	0	1492039	0	0	2991885	0	1811	72.00627160649256
Sito-aaP1-sex_163_vs.5941_ribofiltered+trimmed	14984866	11636646	0	0	26120	0	0	0	0	209034	0	0	3110978	0	2088	77.65598971655803
Sito-aaP1_163_vs.5940_ribofiltered+trimmed	8636163	4228214	0	0	225330	0	0	0	0	3408829	0	0	773266	0	524	48.95940477269824
Sito-aaP1_163_vs.5941_ribofiltered+trimmed	5659487	4223766	0	0	140979	0	0	0	0	288383	0	0	1005748	0	611	74.6316053027421
Sito-aaP2-sex_163_vs.5940_ribofiltered+trimmed	13179360	9052690	0	0	27327	0	0	0	0	1646663	0	0	2451375	0	1305	68.68838851051949
Sito-aaP2-sex_163_vs.5941_ribofiltered+trimmed	11838010	9048009	0	0	15761	0	0	0	0	197222	0	0	2575490	0	1528	76.43184116249269
Sito-aaP2_163_vs.5940_ribofiltered+trimmed	10833710	6996174	0	0	33083	0	0	0	0	2573395	0	0	1230392	0	666	64.57782237109909
Sito-aaP2_163_vs.5941_ribofiltered+trimmed	8629934	6988894	0	0	12436	0	0	0	0	217509	0	0	1410272	0	823	80.98432734248026
Sito-aaP3-sex_163_vs.5940_ribofiltered+trimmed	11817500	8291739	0	0	25696	0	0	0	0	1121988	0	0	2376864	0	1213	70.16491643748678
Sito-aaP3-sex_163_vs.5941_ribofiltered+trimmed	10923772	8291389	0	0	16110	0	0	0	0	148199	0	0	2466659	0	1415	75.90225244540073
Sito-aaP3_163_vs.5940_ribofiltered+trimmed	11901403	7244599	0	0	43836	0	0	0	0	3197991	0	0	1414212	0	765	60.87180645844864
Sito-aaP3_163_vs.5941_ribofiltered+trimmed	9167840	7233897	0	0	14079	0	0	0	0	279950	0	0	1638947	0	967	78.90514014206181
crassa-aP1-sex_163_vs.2489_ribofiltered+trimmed	10507922	9785646	0	0	20820	0	0	0	0	90752	0	0	595423	0	15281	93.12636694486312
crassa-aP1_163_vs.2489_ribofiltered+trimmed	8181694	7695456	0	0	178648	0	0	0	0	31896	0	0	266366	0	9328	94.05700090959158
crassa-aP2-sex_163_vs.2489_ribofiltered+trimmed	6721425	6107684	0	0	14583	0	0	0	0	115366	0	0	474329	0	9463	90.86888569016243
crassa-aP2_163_vs.2489_ribofiltered+trimmed	9060168	8485460	0	0	175116	0	0	0	0	54089	0	0	334580	0	10923	93.6567622145638
crassa-aP3_163_vs.2489_ribofiltered+trimmed	12966710	12210523	0	0	24437	0	0	0	0	109931	0	0	608901	0	12918	94.16824313954734
crassa-aaP1-sex_163_vs.2489_ribofiltered+trimmed	8347779	7844401	0	0	12566	0	0	0	0	49440	0	0	426544	0	14828	93.9699170282299
crassa-aaP1_163_vs.2489_ribofiltered+trimmed	9843992	9337903	0	0	14349	0	0	0	0	93530	0	0	388218	0	9992	94.8589048020356
crassa-aaP2-sex_163_vs.2489_ribofiltered+trimmed	10249710	9522347	0	0	26273	0	0	0	0	81682	0	0	604601	0	14807	92.90357483284893
crassa-aaP2_163_vs.2489_ribofiltered+trimmed	8798631	8174682	0	0	16589	0	0	0	0	148948	0	0	450195	0	8217	92.90856725324656
crassa-aaP3-sex_163_vs.2489_ribofiltered+trimmed	9941152	9245050	0	0	20068	0	0	0	0	99606	0	0	561017	0	15411	92.99777329629403
crassa-aaP3_163_vs.2489_ribofiltered+trimmed	9425206	8869311	0	0	17822	0	0	0	0	62015	0	0	467024	0	9034	94.10203872467085
crassa-ap3-sex_163_vs.2489_ribofiltered+trimmed	13508875	12673790	0	0	23526	0	0	0	0	87994	0	0	700778	0	22787	93.81824911400838
